0 0.234375 0.235156 0.140625 0.160938 0.929077
0 0.488281 0.291406 0.129688 0.185938 0.910770
5 0.833594 0.534375 0.329688 0.931250 0.874473
5 0.178906 0.576562 0.292187 0.846875 0.848577
7 0.207031 0.597656 0.201563 0.357812 0.841956
4 0.896094 0.694531 0.207813 0.576562 0.742766
3 0.256250 0.398438 0.071875 0.093750 0.738156
3 0.496875 0.437500 0.056250 0.087500 0.731316
5 0.456250 0.589063 0.368750 0.821875 0.717922
5 0.533594 0.567969 0.214062 0.857812 0.702973
7 0.438281 0.657031 0.210938 0.523438 0.669428
