0 0.457813 0.183594 0.118750 0.164062 0.944381
0 0.232813 0.235156 0.146875 0.176563 0.910015
5 0.812500 0.601562 0.371875 0.796875 0.865392
4 0.846875 0.743750 0.306250 0.512500 0.858387
5 0.181250 0.542969 0.321875 0.910937 0.850546
3 0.467969 0.328125 0.051562 0.078125 0.822868
5 0.460938 0.509375 0.396875 0.978125 0.814767
7 0.202344 0.578125 0.226562 0.462500 0.812931
7 0.422656 0.553906 0.232813 0.545312 0.476965
2 0.631250 0.350781 0.018750 0.020313 0.470370
3 0.264062 0.393750 0.056250 0.075000 0.444213
