0 0.443750 0.189844 0.118750 0.164062 0.931057
0 0.232031 0.234375 0.148438 0.175000 0.908245
5 0.175781 0.567969 0.323437 0.860938 0.860429
7 0.200000 0.582812 0.218750 0.403125 0.838205
5 0.822656 0.601562 0.348438 0.784375 0.830450
4 0.844531 0.722656 0.310937 0.554688 0.797821
5 0.457813 0.508594 0.393750 0.982812 0.791174
3 0.457031 0.332031 0.057813 0.089063 0.750504
7 0.416406 0.565625 0.245312 0.534375 0.583357
3 0.265625 0.392188 0.059375 0.071875 0.489024
4 0.423438 0.543750 0.200000 0.475000 0.428013
