0 0.442969 0.189062 0.117188 0.165625 0.936830
0 0.231250 0.232031 0.143750 0.173437 0.902689
5 0.177344 0.562500 0.317188 0.868750 0.863771
7 0.199219 0.590625 0.217188 0.406250 0.816139
4 0.843750 0.717187 0.312500 0.565625 0.799688
5 0.795312 0.601562 0.406250 0.796875 0.788842
5 0.469531 0.505469 0.417187 0.979688 0.780504
3 0.454688 0.329688 0.056250 0.087500 0.773684
3 0.265625 0.392969 0.056250 0.076563 0.467778
4 0.420312 0.570312 0.225000 0.550000 0.413942
7 0.415625 0.563281 0.246875 0.532813 0.401056
