0 0.237500 0.233594 0.143750 0.157812 0.933453
0 0.495312 0.293750 0.125000 0.187500 0.881139
5 0.838281 0.531250 0.320312 0.937500 0.851828
5 0.192188 0.574219 0.312500 0.851562 0.838303
3 0.259375 0.396875 0.078125 0.096875 0.809935
4 0.895312 0.707031 0.209375 0.585938 0.795457
7 0.450781 0.629687 0.179688 0.462500 0.789127
7 0.212500 0.589063 0.206250 0.340625 0.766894
7 0.210938 0.652344 0.215625 0.473438 0.732797
3 0.502344 0.436719 0.051562 0.085938 0.711084
5 0.492188 0.560937 0.312500 0.871875 0.695153
7 0.382031 0.613281 0.179688 0.454688 0.483175
7 0.433594 0.582031 0.210938 0.367188 0.474563
7 0.416406 0.605469 0.251563 0.445312 0.465095
