0 0.469531 0.232031 0.104688 0.185938 0.942890
0 0.218750 0.228125 0.143750 0.181250 0.885979
7 0.416406 0.535937 0.235937 0.468750 0.882204
5 0.825000 0.589844 0.343750 0.814063 0.874004
5 0.167187 0.546094 0.293750 0.895312 0.847989
5 0.423438 0.513281 0.318750 0.964063 0.793891
7 0.192188 0.558594 0.206250 0.360938 0.728351
4 0.842187 0.707031 0.315625 0.585938 0.726566
7 0.188281 0.610938 0.210938 0.500000 0.683275
3 0.460938 0.375000 0.053125 0.065625 0.597488
3 0.252344 0.385156 0.057813 0.067187 0.456830
