0 0.229687 0.228125 0.134375 0.153125 0.929492
0 0.468750 0.211719 0.115625 0.182812 0.907078
5 0.188281 0.568750 0.317188 0.862500 0.878010
7 0.210938 0.619531 0.212500 0.410938 0.860961
3 0.479687 0.358594 0.046875 0.064062 0.831662
5 0.836719 0.629687 0.326562 0.740625 0.812296
5 0.466406 0.506250 0.385937 0.971875 0.801967
3 0.250000 0.394531 0.071875 0.082812 0.732302
7 0.418750 0.577344 0.246875 0.539062 0.618379
7 0.886719 0.608594 0.223438 0.692187 0.543501
4 0.880469 0.710938 0.235937 0.578125 0.495375
