0 0.509375 0.331250 0.125000 0.203125 0.937979
0 0.235937 0.239844 0.140625 0.157812 0.916130
5 0.872656 0.507031 0.254688 0.973437 0.841373
5 0.182031 0.542969 0.292187 0.914062 0.826329
3 0.257031 0.403906 0.073438 0.095312 0.803439
7 0.207031 0.590625 0.198437 0.331250 0.792482
7 0.204687 0.646875 0.209375 0.450000 0.766318
5 0.444531 0.597656 0.310937 0.804688 0.725152
4 0.896094 0.673438 0.207813 0.625000 0.699480
3 0.521094 0.475000 0.048438 0.065625 0.689516
7 0.447656 0.571094 0.207813 0.326562 0.587614
