0 0.235156 0.229687 0.139063 0.153125 0.943322
0 0.470313 0.210938 0.115625 0.181250 0.908759
7 0.210938 0.615625 0.206250 0.393750 0.863367
5 0.190625 0.578125 0.306250 0.843750 0.860804
5 0.804688 0.606250 0.390625 0.778125 0.817448
5 0.470313 0.529687 0.365625 0.931250 0.788429
7 0.911719 0.522656 0.173437 0.535937 0.754187
3 0.481250 0.357031 0.050000 0.064062 0.736630
3 0.251563 0.403125 0.068750 0.084375 0.715399
7 0.427344 0.578125 0.232813 0.540625 0.656525
7 0.892969 0.672656 0.214062 0.654687 0.628817
