0 0.507812 0.338281 0.125000 0.201563 0.961699
0 0.231250 0.240625 0.140625 0.162500 0.938089
5 0.840625 0.537500 0.318750 0.921875 0.853834
5 0.175000 0.579688 0.293750 0.840625 0.833712
4 0.875781 0.715625 0.245312 0.546875 0.817415
7 0.199219 0.628125 0.210938 0.406250 0.814040
3 0.253906 0.406250 0.070312 0.090625 0.762475
5 0.471875 0.608594 0.371875 0.782813 0.720319
7 0.442969 0.607812 0.220312 0.393750 0.693140
3 0.518750 0.478125 0.046875 0.075000 0.606476
5 0.524219 0.617188 0.201563 0.765625 0.440476
