0 0.230469 0.236719 0.139063 0.154688 0.940568
4 0.896875 0.671094 0.206250 0.582812 0.885890
5 0.835938 0.553125 0.328125 0.887500 0.884107
0 0.465625 0.221094 0.118750 0.179688 0.883496
5 0.184375 0.579688 0.312500 0.840625 0.854394
4 0.899219 0.610156 0.198437 0.420312 0.850531
5 0.455469 0.534375 0.376563 0.925000 0.837919
3 0.478906 0.366406 0.045312 0.073438 0.789394
7 0.200781 0.635156 0.220312 0.445312 0.764751
7 0.421094 0.577344 0.220312 0.510938 0.717925
3 0.245312 0.402344 0.071875 0.095312 0.704757
4 0.433594 0.584375 0.182812 0.525000 0.385310
