0 0.463281 0.207031 0.107813 0.182812 0.958200
0 0.228906 0.238281 0.148438 0.176563 0.922792
5 0.820312 0.606250 0.350000 0.784375 0.864524
5 0.178906 0.567187 0.310937 0.865625 0.857675
7 0.201563 0.574219 0.215625 0.417187 0.822241
5 0.469531 0.509375 0.373437 0.981250 0.797000
4 0.841406 0.715625 0.317188 0.568750 0.790035
3 0.454688 0.352344 0.050000 0.067187 0.607415
4 0.427344 0.532813 0.204687 0.506250 0.464736
7 0.428906 0.542188 0.207813 0.509375 0.388679
0 0.800000 0.407813 0.200000 0.387500 0.316366
3 0.264062 0.394531 0.056250 0.073438 0.303739
