0 0.235156 0.232813 0.139063 0.156250 0.945183
0 0.482812 0.313281 0.131250 0.198437 0.935653
3 0.256250 0.402344 0.071875 0.089063 0.851828
5 0.182031 0.578906 0.285938 0.842187 0.833809
7 0.204687 0.642188 0.209375 0.440625 0.788531
5 0.553125 0.591406 0.534375 0.817187 0.777812
4 0.928906 0.590625 0.142187 0.537500 0.703879
5 0.875000 0.503906 0.250000 0.992188 0.680814
3 0.496094 0.457031 0.060937 0.073438 0.679562
5 0.447656 0.595313 0.323437 0.809375 0.543879
5 0.811719 0.752344 0.370312 0.495312 0.527410
4 0.439063 0.666406 0.212500 0.554688 0.406119
