0 0.451562 0.228906 0.121875 0.176563 0.935535
0 0.221875 0.238281 0.140625 0.154688 0.920078
5 0.179688 0.542969 0.321875 0.914062 0.849714
5 0.449219 0.532031 0.357812 0.935937 0.849279
7 0.192188 0.632031 0.221875 0.426563 0.828102
5 0.881250 0.503906 0.237500 0.982812 0.822503
3 0.468750 0.372656 0.056250 0.076563 0.795527
3 0.239844 0.408594 0.073438 0.085938 0.759136
7 0.414844 0.605469 0.239063 0.526563 0.714444
4 0.909375 0.594531 0.178125 0.617188 0.601764
7 0.433594 0.562500 0.185938 0.437500 0.452577
