0 0.235156 0.235937 0.142187 0.159375 0.939300
5 0.835156 0.539062 0.326562 0.921875 0.874276
0 0.491406 0.294531 0.126562 0.185938 0.869693
5 0.181250 0.575781 0.315625 0.848437 0.849936
3 0.257812 0.399219 0.075000 0.095312 0.823142
7 0.207813 0.596875 0.203125 0.356250 0.822911
4 0.901563 0.703906 0.196875 0.592187 0.769731
7 0.448437 0.637500 0.190625 0.465625 0.732062
3 0.499219 0.437500 0.054688 0.087500 0.718145
5 0.878906 0.503125 0.242188 0.993750 0.709776
5 0.453906 0.591406 0.342187 0.817187 0.667477
5 0.530469 0.567187 0.185938 0.859375 0.437965
