0 0.508594 0.327344 0.126562 0.201563 0.928768
0 0.235937 0.238281 0.140625 0.157812 0.920714
7 0.207031 0.592187 0.198437 0.334375 0.859909
5 0.846875 0.592187 0.306250 0.815625 0.851156
5 0.184375 0.542969 0.303125 0.914062 0.828192
3 0.256250 0.403906 0.071875 0.095312 0.797860
5 0.532031 0.599219 0.473438 0.801562 0.749414
4 0.879687 0.686719 0.237500 0.620313 0.735146
7 0.447656 0.567969 0.204687 0.320312 0.675552
3 0.516406 0.470313 0.051562 0.071875 0.615965
7 0.439063 0.657813 0.215625 0.496875 0.516409
5 0.585938 0.562500 0.340625 0.871875 0.489336
