0 0.459375 0.211719 0.118750 0.182812 0.943327
0 0.226562 0.232031 0.140625 0.164062 0.926367
5 0.182812 0.568750 0.303125 0.862500 0.860696
7 0.200000 0.596875 0.215625 0.375000 0.847645
5 0.833594 0.611719 0.329688 0.776563 0.834784
4 0.855469 0.718750 0.289062 0.562500 0.809777
5 0.461719 0.536719 0.376563 0.926562 0.805870
3 0.471094 0.352344 0.045312 0.073438 0.795008
3 0.247656 0.393750 0.073438 0.090625 0.742931
4 0.424219 0.561719 0.195312 0.510938 0.709523
7 0.858594 0.503906 0.232813 0.629687 0.503372
