0 0.233594 0.232813 0.139063 0.156250 0.943264
0 0.489063 0.321875 0.131250 0.200000 0.901970
5 0.178906 0.579688 0.289062 0.840625 0.846884
5 0.853125 0.505469 0.293750 0.979688 0.822434
7 0.203125 0.642969 0.212500 0.445312 0.813675
3 0.254688 0.403906 0.075000 0.089063 0.810130
5 0.549219 0.598437 0.535937 0.803125 0.741160
4 0.921875 0.580469 0.156250 0.607812 0.721777
3 0.507812 0.466406 0.053125 0.067187 0.633488
4 0.440625 0.680469 0.206250 0.560937 0.554928
5 0.440625 0.599219 0.328125 0.801562 0.485888
