0 0.508594 0.327344 0.123438 0.201563 0.936594
0 0.235156 0.235156 0.139063 0.157812 0.927513
5 0.878906 0.614062 0.242188 0.771875 0.893891
5 0.184375 0.578125 0.281250 0.843750 0.836624
7 0.204687 0.626563 0.206250 0.412500 0.816460
3 0.253906 0.400781 0.073438 0.098437 0.761581
3 0.521875 0.472656 0.046875 0.064062 0.746552
5 0.444531 0.595313 0.314063 0.809375 0.721067
4 0.904687 0.674219 0.190625 0.617188 0.643384
7 0.448437 0.567187 0.203125 0.318750 0.446834
3 0.514844 0.470313 0.054688 0.071875 0.432057
