0 0.234375 0.235156 0.140625 0.151562 0.929480
0 0.467187 0.215625 0.118750 0.181250 0.917694
5 0.189062 0.578125 0.318750 0.843750 0.843493
3 0.479687 0.360938 0.046875 0.065625 0.803882
5 0.458594 0.530469 0.398438 0.929688 0.798865
7 0.210156 0.607812 0.210938 0.378125 0.794001
5 0.822656 0.639062 0.351562 0.721875 0.756649
3 0.252344 0.408594 0.070312 0.085938 0.714023
7 0.898438 0.679688 0.203125 0.603125 0.628956
7 0.425781 0.561719 0.232813 0.495312 0.624848
4 0.895312 0.683594 0.209375 0.467187 0.560219
7 0.923438 0.530469 0.150000 0.514062 0.454466
