0 0.504687 0.322656 0.125000 0.198437 0.929711
0 0.234375 0.236719 0.140625 0.157812 0.925299
5 0.866406 0.618750 0.267188 0.756250 0.871454
5 0.178906 0.541406 0.301563 0.914062 0.835526
4 0.917969 0.669531 0.164062 0.620313 0.791781
7 0.202344 0.632812 0.210938 0.425000 0.788223
3 0.252344 0.403906 0.076563 0.095312 0.787581
5 0.519531 0.592187 0.464062 0.815625 0.682892
3 0.515625 0.467187 0.056250 0.065625 0.679685
5 0.441406 0.594531 0.329688 0.810937 0.579775
3 0.521875 0.470313 0.050000 0.059375 0.447817
7 0.449219 0.610156 0.195312 0.414062 0.425656
