0 0.472656 0.235156 0.104688 0.185938 0.893244
7 0.424219 0.549219 0.223438 0.514062 0.883164
0 0.208594 0.215625 0.148438 0.181250 0.879161
5 0.825000 0.591406 0.343750 0.814063 0.873065
5 0.176563 0.542969 0.306250 0.907813 0.857496
7 0.191406 0.605469 0.207813 0.442188 0.811509
5 0.418750 0.517188 0.315625 0.965625 0.806805
4 0.843750 0.707812 0.312500 0.584375 0.742916
3 0.242188 0.369531 0.059375 0.085938 0.637811
5 0.511719 0.553125 0.145313 0.887500 0.474449
5 0.367188 0.554688 0.206250 0.887500 0.443292
3 0.464844 0.376563 0.051562 0.068750 0.419821
