0 0.464062 0.210938 0.118750 0.184375 0.945104
0 0.232031 0.229687 0.139063 0.156250 0.935177
5 0.182812 0.576562 0.309375 0.846875 0.864130
7 0.201563 0.602344 0.215625 0.376563 0.846000
5 0.832812 0.622656 0.331250 0.754687 0.835325
5 0.460938 0.507812 0.400000 0.981250 0.802378
3 0.248438 0.396094 0.075000 0.089063 0.774233
7 0.888281 0.514062 0.217188 0.562500 0.772885
3 0.475000 0.355469 0.043750 0.070312 0.769260
4 0.866406 0.699219 0.264062 0.601562 0.523123
4 0.428906 0.565625 0.217188 0.506250 0.459112
7 0.415625 0.554688 0.253125 0.568750 0.416864
