0 0.232813 0.233594 0.140625 0.157812 0.928170
0 0.493750 0.292969 0.125000 0.182812 0.881604
5 0.179688 0.577344 0.281250 0.845313 0.832844
5 0.868750 0.509375 0.262500 0.975000 0.830951
5 0.514062 0.585938 0.456250 0.828125 0.779811
7 0.201563 0.632812 0.209375 0.437500 0.773400
3 0.252344 0.396875 0.073438 0.096875 0.763486
4 0.899219 0.685937 0.201563 0.571875 0.734753
3 0.501563 0.439844 0.056250 0.085938 0.715756
5 0.580469 0.562500 0.307812 0.871875 0.691608
7 0.444531 0.646875 0.207813 0.509375 0.617375
