0 0.508594 0.335938 0.126562 0.203125 0.955822
0 0.233594 0.241406 0.142187 0.160938 0.933757
5 0.839063 0.564844 0.318750 0.870313 0.867066
5 0.181250 0.543750 0.293750 0.912500 0.835410
4 0.878906 0.710938 0.239063 0.578125 0.797819
7 0.203125 0.622656 0.206250 0.395313 0.789557
3 0.255469 0.407813 0.073438 0.090625 0.765085
5 0.444531 0.602344 0.314063 0.795312 0.756255
7 0.445312 0.566406 0.209375 0.314063 0.700266
5 0.503906 0.574219 0.410938 0.848437 0.641093
3 0.521875 0.478906 0.046875 0.070312 0.636129
5 0.491406 0.615625 0.235937 0.768750 0.583887
